[70, 255, 0]
[80, 255, 0]
[90, 255, 0]
[100, 255, 0]
[110, 255, 0]
[120, 255, 0]
[130, 255, 0]
[140, 255, 0]
[150, 255, 0]
[160, 255, 0]
[70, 255, 1]
[80, 255, 1]
[90, 255, 1]
[100, 255, 1]
[110, 255, 1]
[120, 255, 1]
[130, 255, 1]
[140, 255, 1]
[150, 255, 1]
[160, 255, 1]
[70, 255, 2]
[80, 255, 2]
[90, 255, 2]
[100, 255, 2]
[110, 255, 2]
[120, 255, 2]
[130, 255, 2]
[140, 255, 2]
[150, 255, 2]
[160, 255, 2]
[70, 255, 3]
[80, 255, 3]
[90, 255, 3]
[100, 255, 3]
[110, 255, 3]
[120, 255, 3]
[130, 255, 3]
[140, 255, 3]
[150, 255, 3]
[160, 255, 3]
[70, 255, 4]
[80, 255, 4]
[90, 255, 4]
[100, 255, 4]
[110, 255, 4]
[120, 255, 4]
[130, 255, 4]
[140, 255, 4]
[150, 255, 4]
[160, 255, 4]
[70, 255, 5]
[80, 255, 5]
[90, 255, 5]
[100, 255, 5]
[110, 255, 5]
[120, 255, 5]
[130, 255, 5]
[140, 255, 5]
[150, 255, 5]
[160, 255, 5]
[70, 255, 6]
[80, 255, 6]
[90, 255, 6]
[100, 255, 6]
[110, 255, 6]
[120, 255, 6]
[130, 255, 6]
[140, 255, 6]
[150, 255, 6]
[160, 255, 6]
[100, 100, 0]
[100, 110, 0]
[100, 120, 0]
[100, 130, 0]
[100, 140, 0]
[100, 150, 0]
[100, 160, 0]
[100, 170, 0]
[100, 180, 0]
[100, 190, 0]
[100, 200, 0]
[100, 210, 0]
[100, 220, 0]
[100, 230, 0]
[100, 240, 0]
[100, 250, 0]
[100, 260, 0]
[100, 270, 0]
[100, 280, 0]
[100, 290, 0]
[100, 300, 0]
[100, 305, 0]
[100, 310, 0]
[100, 315, 0]
[100, 320, 0]
[100, 330, 0]
[100, 340, 0]
[100, 100, 8]
[100, 110, 8]
[100, 120, 8]
[100, 130, 8]
[100, 140, 8]
[100, 150, 8]
[100, 160, 8]
[100, 170, 8]
[100, 180, 8]
[100, 190, 8]
[100, 200, 8]
[100, 210, 8]
[100, 220, 8]
[100, 230, 8]
[100, 240, 8]
[100, 250, 8]
[100, 260, 8]
[100, 270, 8]
[100, 280, 8]
[100, 290, 8]
[100, 300, 8]
[100, 310, 8]
[100, 320, 8]
[100, 330, 8]
[100, 340, 8]
[70, 500, 0]
[80, 500, 0]
[90, 500, 0]
[100, 500, 0]
[110, 500, 0]
[120, 500, 0]
[130, 500, 0]
[70, 500, 1]
[80, 500, 1]
[90, 500, 1]
[100, 500, 1]
[110, 500, 1]
[120, 500, 1]
[130, 500, 1]
[70, 500, 2]
[80, 500, 2]
[90, 500, 2]
[100, 500, 2]
[110, 500, 2]
[120, 500, 2]
[130, 500, 2]
[70, 500, 3]
[80, 500, 3]
[90, 500, 3]
[100, 500, 3]
[110, 500, 3]
[120, 500, 3]
[130, 500, 3]
[70, 500, 4]
[80, 500, 4]
[90, 500, 4]
[100, 500, 4]
[110, 500, 4]
[120, 500, 4]
[130, 500, 4]
[70, 500, 5]
[80, 500, 5]
[90, 500, 5]
[100, 500, 5]
[110, 500, 5]
[120, 500, 5]
[130, 500, 5]
[70, 500, 6]
[80, 500, 6]
[90, 500, 6]
[100, 500, 6]
[110, 500, 6]
[120, 500, 6]
[130, 500, 6]
